5
34
0 36 22 45 12 13 33 3 26 19 21 15 31 5 4 2 23 30 47 27 26 39 1 5 31 41 13 21 15 32 15 21 13 41 0
76 38 66 116 179 148 186 24 52 126 188 137 160 28 115 71 91 10 9 84
36
0 40 28 47 27 31 5 1 16 14 45 2 35 21 15 45 29 49 48 43 24 46 45 2 4 11 47 27 6 28 44 1 5 41 0 40 0
152 197 164 106 143 63 181 150 166 60 159 46
31
0 40 31 5 1 43 9 8 22 28 44 12 18 23 10 46 45 4 2 35 21 28 47 27 39 23 30 44 1 5 41 0
54 6 169 97 132 73 44 77 165 80 124 141 78 55
34
0 41 32 15 39 22 37 38 24 46 10 46 42 43 6 41 32 26 12 36 45 22 36 15 32 9 30 23 30 9 35 21 13 41 0
53 5 171 176 118 36 98 59 41 51 123 125 25 183 120
37
0 40 1 44 10 27 6 40 0 41 13 21 35 19 23 39 22 8 49 20 49 48 3 33 45 29 8 22 37 38 19 5 1 16 1 5 41 0
19 74 89 156 117 13 18 12 129 58 14 45 35
